Accuracy: 0.771
Recall: 0.6765093
Precision: 0.7457136
